Webots Project File version R2023b
perspectives: 000000ff00000000fd0000000200000001000001a8000001f9fc0200000001fb0000001400540065007800740045006400690074006f00720100000016000001f90000008700ffffff000000030000055600000093fc0100000002fb0000001a0043006f006e0073006f006c00650041006c006c0041006c006c0100000000000005560000006900fffffffb0000001a0043006f006e0073006f006c00650041006c006c0041006c006c0100000000000005560000000000000000000003ac000001f900000001000000020000000100000008fc00000000
simulationViewPerspectives: 000000ff000000010000000200000000000003aa0100000002010000000100
sceneTreePerspectives: 000000ff00000001000000030000001e00000181000000fa0100000002010000000200
minimizedPerspectives: 000000ff00000000fd0000000100000001000002a10000028efc0200000001fc000000160000028e000000a50100001dfa000000000100000002fb0000001a0043006f006e0073006f006c00650041006c006c0041006c006c0100000000ffffffff0000006900fffffffb0000001400540065007800740045006400690074006f007201000002b5000002a10000007700ffffff000002b30000028e00000001000000020000000100000008fc00000000
maximizedDockId: -1
centralWidgetVisible: 1
orthographicViewHeight: 1
textFiles: 3 "protos/Rosbot.proto" "protos/Elisa3.proto" "controllers/elisa3/elisa3.c" "controllers/rosbot/rosbot.py"
globalOptionalRendering: DistanceSensorRays
consoles: Console:All:All
renderingDevicePerspectives: rosbot:camera depth;1;0.56875;0;0
renderingDevicePerspectives: rosbot:camera rgb;1;0.56875;0;0
